R = 0.2;
w_ref =4000;
Lamda = 0.1194;
Ls = 0.0003752 ;
Ld = 0.0003752 ;
Lq = 0.0003752 ;
T_load = 10;
Pole = 2;
J_motor = 0.0027;
w_base =2400; 
v_rated = 30;
T_ref = 10;
